8803
338
4988
7536
1896
5273
6174
3443
738
3629
1308
8646
6100
2453
3209
6044
7998
2705
6529
7912
9837
3731
4731
5133
2573
1294
3738
6834
9038
7273
8931
5534
2580
1456
9688
4341
856
5144
7347
4495
1052
4253
4719
3969
5820
7178
31
2539
512
307
8818
7597
5950
578
3646
8774
1484
6221
1049
6683
3235
3344
5047
7713
5167
8669
3950
5063
5603
3244
8005
2354
4857
9376
2331
4598
9287
2473
4516
1438
9389
1071
7213
905
2155
9185
2785
6929
6160
6842
1732
7145
3901
6044
6060
1410
7127
5596
5136
6250
6091
3034
9433
6274
8253
9036
8357
2602
9481
9254
6266
1323
4442
7175
1895
8672
5592
1331
1878
658
9244
8105
4046
8527
9519
6912
1781
9094
2225
7923
4883
5554
4070
5142
1441
1473
3867
2339
1569
5295
1910
6870
8119
1908
2250
1937
3812
5030
5913
1837
1139
7532
5237
8366
6412
4929
8047
4561
8535
2785
2593
9636
7499
1028
6039
1234
6100
8147
9191
9434
8002
7819
673
348
2334
4973
3170
4527
6088
7808
1651
2497
2363
1540
6574
1180
8146
8388
7824
2257
5044
5399
5610
1749
6187
9778
2002
8820
5315
7662
4102
2294
9773
4369
7792
9372
8803
1516
1781
7143
6054
16
3288
7862
7507
4606
8860
4121
9108
8810
6998
3943
178
5579
6208
5064
2696
6050
3850
6224
9508
3156
1020
4121
5478
3173
3718
251
5211
4243
7448
5371
5267
860
7693
6557
3854
733
1410
647
5365
9641
3413
4708
2869
8658
9256
9074
2214
8662
8597
1193
6490
8969
6828
7576
9409
3771
4759
3261
8393
4406
206
5472
8259
1479
6678
9052
3008
3654
597
5484
123
2963
433
6063
3071
5823
5350
9495
617
5172
8534
5091
2377
7442
1210
678
5058
9928
871
1092
7649
8571
3932
9450
4810
6565
9496
1911
3645
6157
6744
346
6200
334
5806
2009
2886
4823
6813
1803
7093
9983
8001
3555
1765
7107
2155
713
4732
9310
6586
9159
1015
3364
4966
5277
6363
5306
2293
8481
5514
4677
1936
5750
1889
7645
4704
1800
2493
2398
7106
9890
9933
6348
8970
9900
9939
4608
3283
7572
9813
8931
9732
1463
8080
6517
5183
1260
5020
4555
5971
5950
2602
3811
5025
2485
7417
181
2155
8911
6248
2967
3960
6127
1351
4205
6885
6882
1638
5436
229
9563
8063
6282
3161
4682
2111
1299
2411
9085
5855
9434
8292
4499
5665
5146
2142
7145
3974
1704
1539
1155
5356
1624
3348
200
8293
2856
2486
266
1858
6380
5206
4321
4286
4471
9805
9700
1432
4530
7055
2883
9929
8061
3582
803
2163
1552
2523
6519
3338
220
6940
6327
1644
8914
7993
9344
1211
6639
6721
4392
1324
1508
9673
3820
744
6830
6148
6759
7408
2582
6063
9809
7917
7350
5603
115
6501
2950
8077
2386
9002
7635
3322
2384
6972
7228
6716
9114
5311
984
7050
6846
7767
6087
8835
1774
4559
8915
9026
778
8970
3666
3230
173
7137
4699
857
3638
8490
8499
4616
5168
857
7043
8929
3280
5633
9784
5616
2044
2451
4166
7781
3251
5399
5930
7895
4332
5833
7402
9084
9454
9162
3515
7536
4473
2839
8048
6002
1520
7655
8489
8591
8932
1245
3087
9030
9342
9549
410
4682
8584
940
3086
2614
3032
2897
6560
3786
4922
5447
4616
2964
7769
932
5589
3482
122
7492
5463
2868
582
2110
2525
4679
2418
5384
1579
939
9644
9303
7688
701
403
1518
7458
1345
1667
3351
6734
7712
8732
9936
5232
8511
1759
8717
7379
9328
9540
3388
7701
4881
1051
1397
5794
4275
605
7071
572
4981
4334
4304
6228
9246
9745
5693
7079
6890
5671
9903
3672
6812
1350
8743
7798
5057
8675
1848
298
8277
6172
4050
9215
6623
739
3071
6894
1191
2298
4854
1492
1320
9912
8669
5155
7553
6550
1212
1282
2821
537
6989
9121
4882
5276
431
5726
9551
7241
3753
5789
8510
9987
7339
4152
5617
3891
1361
1042
8265
14
7249
7145
3545
2687
3667
7240
9177
8806
4480
390
5814
4940
9971
8767
2087
7762
4941
6748
3995
8886
405
9361
622
9152
9932
5267
6426
6399
7821
2277
2106
3179
1139
7198
3658
5063
4918
1592
5898
5381
7277
4903
3074
5189
6871
5299
7503
3004
3717
5364
7914
6365
782
9210
394
6582
5382
4999
6864
5690
5817
9961
1473
5526
8274
4055
2881
130
5224
774
5993
5607
9607
3977
1147
7831
4700
8484
5117
1069
6954
6587
7537
7954
1179
4524
2485
9961
7216
8757
5686
8872
5241
2515
3775
2963
480
1624
9264
3558
1215
5944
6922
1343
2258
2448
1478
614
5191
6996
9013
5643
2370
9972
4594
1610
4221
2842
4996
4892
2765
5666
3344
8253
9167
1814
4267
9286
9201
1893
6652
7431
4798
9936
7216
1331
2785
6337
5464
8903
8907
1848
3900
4984
4607
4819
3603
232
9034
5464
9418
437
5808
1523
4098
1470
6289
5751
6199
7907
4827
2515
6810
2328
3833
7682
6432
8837
265
9598
6371
445
6732
1587
3878
8057
9814
9436
2406
7025
709
2604
4284
9798
8078
9322
368
5343
690
3226
7175
4126
1152
6660
1004
7709
4917
4452
3229
9835
4414
8413
5228
5597
3518
6378
9254
1986
986
8739
6737
1704
5378
3064
9614
4213
5915
2829
2093
2579
5511
2834
3776
6938
5045
4014
6648
5947
3493
6824
4476
823
8068
6721
872
5898
869
1025
4305
1976
2001
1452
8854
2466
3653
1905
4115
9156
9434
4063
3743
5726
2322
2100
2502
5165
2318
2148
6097
9253
4317
2562
1408
9886
2958
4830
313
4456
3846
651
6858
8093
3357
1052
6555
6913
4387
2506
9535
9416
7792
2068
5385
7748
6969
9460
3324
409
431
9034
3210
8496
6545
1207
3166
8340
3569
88
3269
8332
6116
9789
4102
3445
6611
4421
8147
3212
5727
5800
599
3653
6018
1009
7887
1611
4768
565
9686
5028
3883
3236
3961
191
7286
8283
1161
4669
5105
1572
5246
3674
5124
6827
9400
3942
2279
7213
1441
4916
1086
5663
207
5935
4290
3192
293
7300
9465
860
4761
7184
6440
6182
2912
9158
5311
4690
7990
9997
4130
484
1962
3668
8536
7400
1685
259
3853
9367
9531
5904
6994
8770
9274
3242
6084
2367
9440
3525
2506
7069
9561
8082
9560
5637
6453
6650
4048
1471
824
2200
6024
9982
7851
8432
6246
5849
6801
4096
1512
1111
1524
1681
6689
614
77
5353
8766
3704
2818
3889
9702
3067
4601
9806
2383
436
2027
4959
270
3543
2052
609
3222
6245
1319
6770
4466
6434
4942
2176
2893
3713
1951
925
4766
3279
587
3410
9394
5001
9904
2461
4434
1147
8830
2888
5091
6423
7638
1143
3819
9613
877
302
8641
7085
8673
8925
1726
9094
6531
2649
3552
586
7842
4215
270
9376
8664
9096
3925
8213
4030
4636
9328
3073
6699
580
5574
2
3705
4536
7630
3767
7448
7921
4221
9098
7500
6741
2512
4970
4178
3821
2725
9620
7040
5700
5315
8558
3594
4254
9739
7617
5552
4690
5286
992
3445
4742
557
4649
1674
1606
1480
2422
1721
1552
2078
2352
494
9279
3611
9986
6607
8001
9600
3045
3501
7495
5924
5725
2066
1129
3447
2895
1786
3220
3575
7325
5679
5858
6252
4224
9436
2708
2399
4721
1203
365
1592
6324
8842
430
9987
1025
8799
6729
2180
8640
1005
2421
5554
48
3271
5870
3791
7909
129
2085
8920
1804
5726
1707
1703
4651
9859
1606
9750
42
6010
7373
46
6200
6883
1990
7021
9228
5846
298
9494
4697
9252
6769
7202
2860
3019
1583
1701
2629
5239
4778
2828
8304
8565
4887
8962
5103
2483
6064
2369
3670
3060
9253
3797
2066
1743
6844
8492
6823
3031
422
2618
8228
1206
6815
5625
6357
9682
193
4510
5221
7521
3350
743
6126
6041
7096
416
4847
4800
4856
4980
4872
4610
215
6513
2229
8945
7731
3892
1893
3271
1665
9988
2454
7286
3604
8811
9406
8225
9384
4494
1880
6612
3470
3085
2954
9213
8628
4838
543
3870
9359
5716
4069
7834
120
1717
373
1933
6944
9466
9515
3481
8033
3415
9169
5402
3235
4298
4172
8875
7272
4520
466
7106
4277
8227
4023
5270
9213
4232
5555
2929
1707
2916
1601
2512
3115
2279
4838
1223
1606
5873
3532
9249
7241
9208
523
3238
17
9212
2547
8357
8645
6017
8
4704
6367
5708
9322
2583
3128
3865
5935
5757
1983
4921
2752
6791
4982
7033
1037
7587
826
3357
9165
5733
7453
9179
9319
4620
5121
8788
6102
8467
1634
8638
5068
1891
8097
572
4294
6549
2009
1343
2328
502
8320
9957
7205
8500
4652
6112
6812
1093
4783
7058
2738
6726
7232
4868
9545
849
4455
9558
5850
9096
4069
7776
6676
6733
8382
9703
2224
8292
6516
7100
9232
9376
9825
2670
3684
874
9968
6112
2697
3361
2985
8885
3999
4683
8775
4359
1909
5161
7448
3735
4707
4008
385
6366
947
7572
5802
9282
124
9559
5709
6517
1133
639
391
1687
6451
9246
1144
6796
7943
3787
8925
2361
967
5125
5303
5143
415
6744
3287
3657
580
5656
2681
1946
8045
6362
7978
3296
1710
1299
8792
6286
2466
3751
4516
8421
628
9443
342
217
5914
8983
3086
3090
6559
6603
5378
7689
6651
594
1721
2035
4866
860
8690
7066
4934
9669
4546
8710
8473
8555
9288
9690
4323
9389
5903
4075
1020
6206
8960
8796
7142
9961
2352
308
6794
4223
2333
1409
6190
6923
6721
486
4400
3767
3889
1184
8594
3719
5684
4390
4194
7155
8755
606
6884
9107
1578
8829
1774
6147
8200
6630
800
517
4936
532
9838
6709
1436
2275
1627
56
2003
7400
6931
9678
2408
5216
453
8998
5319
8454
7548
368
2923
3711
7641
4462
7977
1119
1295
7892
6659
9774
5594
2543
890
405
4860
8114
5811
1890
5030
523
2116
8684
6399
7908
4796
160
6436
2549
8924
6665
1804
7350
5622
2590
8999
8354
2432
2614
2467
6776
5541
4327
5562
7131
4489
4347
9851
5753
6582
9155
8915
9353
3623
2422
2680
1053
1745
5650
3890
7927
4121
8436
4374
4264
5942
5698
5312
2308
4036
8821
4605
5889
6418
9844
691
7070
1257
3291
3837
4559
3529
683
9334
967
6321
1834
4785
7759
8443
3547
483
3810
1410
6457
2638
5435
6016
2221
6602
1382
8025
5392
2482
5203
9326
3274
3257
6074
8750
9976
2647
7656
6191
4619
2899
8391
6437
4845
1231
9179
9357
7807
7147
1193
7689
3118
7735
9874
3800
5669
2520
2317
8593
9115
9782
2595
5292
8205
64
8468
2797
2630
8956
8887
1150
1466
9567
4254
8920
194
5621
1784
8237
3026
5822
1952
741
1495
8277
9602
9170
1020
1230
2014
4418
955
5164
6581
18
9232
7564
8432
8442
2505
5057
6977
7864
9242
2189
4097
5356
6510
9528
2776
7598
7383
304
4107
9319
2998
2974
6175
562
8774
4081
6539
5184
2963
9929
8124
2930
2456
5585
3219
4583
8854
7210
9753
563
7408
753
3698
7336
9683
5052
7391
3427
3444
3654
7629
9621
5137
8580
2524
5740
6089
5059
9530
2830
6167
6528
3341
2930
1226
7716
6879
1435
464
7178
3779
8001
6080
5279
7783
5437
7799
7380
2466
6673
2411
7891
3308
6419
7819
1356
2189
4996
343
6042
9357
6384
3404
6919
2571
196
7879
1928
5257
4375
171
9942
3925
8199
6702
2587
34
962
2606
8918
932
9949
5296
2954
7563
3395
9641
8313
215
1182
4261
600
8394
6107
4885
5280
3867
9533
9926
4337
4198
753
1340
1298
1168
9289
3422
3353
7193
3288
8410
1523
3530
3721
2137
9713
8558
5324
5421
4800
5901
7581
6295
3475
4563
1218
3174
1519
8384
6818
4922
499
9960
253
9078
9874
7515
4395
643
7758
9870
1733
9409
450
3208
6778
8120
6827
2729
7679
6685
1877
7348
2743
7025
8606
7950
4234
1971
7385
8431
1573
5190
658
4613
9966
9901
6201
7383
865
2914
5884
279
4924
2678
7077
5921
7252
5874
1661
1792
9858
5837
2603
7728
5726
1766
2014
1326
7942
5937
8770
9051
8187
5839
770
4575
1400
597
6331
1643
9887
4639
2121
5735
7378
5821
5361
2233
8603
8443
5049
4631
1369
7999
951
2532
2903
2844
4053
6678
8987
2691
622
4281
8664
2617
7480
4140
8416
9187
6974
6104
7625
3197
792
7185
5354
6763
2489
8022
2643
3703
3765
7906
7031
1017
2461
7605
8007
5237
4760
8492
1387
8429
5344
7756
9423
5767
7927
6735
9801
3322
6932
6437
8755
4466
2957
9051
4633
7251
7714
1513
5760
2298
2244
8837
4208
4062
9152
7206
6304
3909
4924
4659
317
7604
1917
3401
1526
1023
7154
1035
6551
654
8433
2132
5856
5392
9980
3144
962
4857
1872
7544
2053
1607
2010
2932
5529
5347
5365
9339
1207
738
9300
5215
4866
811
4984
4243
352
2947
5887
4006
3663
6772
6395
8521
1334
4508
7322
3900
9849
8689
5894
6391
4264
403
9547
8612
2565
8314
4208
6394
4064
7582
2852
4115
3776
8374
9127
1183
2352
5416
8482
7026
4868
8751
3107
9865
6135
3962
3209
1338
7267
4544
4601
8873
3499
3186
2683
295
2424
5305
7636
6820
3678
2863
2784
1541
9339
9689
3099
833
3148
801
4077
7877
4587
5203
1808
1304
8984
7725
4015
2632
4035
1881
4893
1443
3924
9799
2718
6626
2471
8627
2678
2128
1719
7671
4540
9240
5078
2601
6555
6956
1622
3588
8869
5938
3767
4772
6484
9993
5373
6731
9919
8569
3133
8481
2053
4024
7189
2024
5065
3513
8901
3693
4810
7487
4206
3626
7117
1808
3493
8537
4025
5572
83
9043
7807
5949
4700
3959
6100
6176
6938
3830
925
2401
2454
7866
8566
8653
7363
7207
3871
6769
8983
8746
2067
9672
3478
9454
7878
6673
2045
1453
3146
4479
3943
9027
6590
7689
671
5023
3172
6962
7891
7571
4925
8996
1298
7930
8212
4517
1826
4281
7731
636
5136
6526
1846
8477
5301
6469
4922
6111
1089
650
1089
3726
9350
2040
4038
6924
2820
6048
9591
7331
5484
5669
708
3542
9732
4212
8338
8389
5494
4242
459
9439
8341
9821
1958
2770
1037
4676
8831
7150
7349
8210
5235
9703
9396
6630
9227
7801
8061
6494
322
3846
2937
5538
3956
1627
2512
8973
4581
6865
6419
3829
5643
5119
552
8140
8025
1916
8483
8591
7496
930
2862
444
8404
46
981
928
7233
7332
704
2206
5289
192
8286
7340
2659
9687
2218
9383
8224
1292
2013
1783
6133
6126
2800
9086
7008
1694
1547
7449
2090
9695
5935
4889
9272
4038
5789
3787
7757
9569
5121
7795
8319
7172
2046
5736
4692
6830
8839
7864
7081
3562
2056
5724
158
321
4175
4503
9794
1133
3049
1368
8951
1609
5693
8367
5458
196
1791
6507
1537
2804
9283
113
6857
3591
6207
3338
5627
4324
6683
2612
6178
6480
7863
8776
9659
1117
969
5915
2609
2077
3665
3774
3429
8612
3227
3552
7335
2987
6289
1572
7763
9041
2186
7469
618
8076
9331
4741
3308
6461
2329
7309
1967
3106
7296
4111
655
3028
1298
6495
3842
9537
1287
1680
2342
212
2686
6595
8970
3088
7590
3994
214
8508
1195
8986
2903
840
288
2143
9947
2733
3557
217
933
7971
6741
180
8542
1420
9871
3270
649
5725
7343
210
1232
4093
7081
6649
5328
2182
9041
4000
750
9017
9625
3228
1668
9902
6200
6122
2748
441
7427
3515
5368
8215
11
9277
2716
712
9188
6805
7305
4999
7309
3335
8342
8884
512
360
7421
6834
1831
6923
3295
8604
5193
2504
2309
3731
5504
8955
292
4963
2984
1768
4364
2003
439
6780
7069
9483
4403
8286
6999
9520
8052
629
684
8331
3224
2723
7492
9608
1084
9151
3533
1257
462
5616
1277
6586
2396
9445
6502
2352
9592
9826
6564
3211
6363
8325
2518
6875
1106
9623
774
7854
2202
2926
3191
9527
4020
62
8378
5611
6004
3727
2493
4852
8748
1578
337
4616
8272
9342
4022
1348
4358
6335
7317
1634
4284
6718
7161
6698
2165
1891
859
629
1105
359
5353
3356
3624
462
9251
4399
3443
6737
5969
3250
2024
3658
6244
9377
1728
7624
4232
2308
1414
5603
7458
2173
1758
3113
1308
2846
191
3015
5738
7112
6575
1187
3784
6287
3641
2534
1202
7433
5517
4279
6079
9653
6981
9922
6603
2104
6624
1912
4912
3666
4189
608
7440
2239
3493
6187
8242
650
8260
7573
7718
2764
8646
4760
1319
5330
3755
7178
8956
9948
5110
9158
4874
8594
9448
3992
4666
7985
4931
450
1842
2611
2110
3436
387
1789
5300
40
6207
8594
3417
4899
4949
9332
9291
5272
5562
3402
9936
4975
3493
2846
1906
5586
2918
4717
5204
7823
4900
5905
8591
4730
6979
9772
5709
5082
7791
1578
2193
4676
8967
2329
2081
3765
1464
517
8498
7896
2341
5148
4543
6439
1616
4528
3477
5358
1688
1947
1853
6460
2095
9004
5334
3763
2582
2447
3583
4446
8599
8635
687
2514
159
2693
9185
8189
742
9362
8191
5580
5772
2218
6473
8040
1970
1816
7842
8400
5522
8638
5208
7650
9340
1653
1502
6162
2735
9282
327
3053
5536
9828
1601
2888
4457
3321
4748
2545
4577
2848
6630
2935
5940
6314
6052
1078
7055
4458
2031
7482
106
283
4968
3301
9554
9009
8137
5755
3522
3479
5514
1786
9405
4664
717
8920
2667
1321
2166
9540
2638
9283
5242
1614
7775
3566
7139
6195
9802
2361
1166
2849
5907
6439
7746
393
7763
7571
3948
5826
8835
980
9051
3225
8739
4171
869
5222
1608
4841
7716
8443
8416
8302
5937
3590
1203
5612
3963
3589
3576
9130
6260
7369
4624
7908
6425
1970
9635
6560
7899
6074
6598
955
2175
6943
1078
5490
9070
4200
6164
6397
1769
776
9372
2725
3550
640
8835
4838
8015
3439
2956
2912
7125
4165
472
4504
7937
5701
1592
6523
6906
905
6160
8434
4824
2287
6889
1600
2492
7760
6259
6745
6634
1665
9830
